10242.71
9554.23
9774.23
10119.44
10221.08
10461.7
10142.53
10271.77
10756.0
11080.27
11563.14
12011.37
11634.65
11928.89
10857.45
11297.02
11730.68
12068.2
12803.13
13479.9
14035.83
14698.2
15719.98
15574.1
15628.66
15137.99
15520.91
12627.5
12474.71
13190.37
11880.14
12918.37
13310.04
12332.38
13122.18
12143.6
12592.31
13341.17
14118.95
15058.14
15758.63
16575.58
16963.4
17571.98
17936.35
18198.97
18375.63
19019.05
19417.57
19680.82
18556.84
18908.28
19598.01
19596.01
20251.65
20715.19
20147.1
20026.1
19962.3
18961.62
16744.05
17539.34
17947.94
17838.53
18284.93
18894.22
18071.26
18427.89
19943.81
20776.43
19372.95
20252.54
20792.99
19461.13
19459.13
19887.35
20359.39
20864.76
22049.69
22070.29