10000.0
10000.0
10000.0
10000.0
10000.0
10000.0
10000.0
10000.0
10000.0
10000.0
10000.0
10000.0
10000.0
10000.0
10000.0
10000.0
10000.0
10000.0
10000.0
10000.0
10000.0
10000.0
10000.0
10000.0
10000.0
10000.0
10000.0
10000.0
10000.0
10000.0
10000.0
9334.11
9334.11
9334.11
9334.11
9334.11
9334.11
9334.11
9334.11
9334.11
9334.11
9334.11
9334.11
9334.11
9334.11
9334.11
9334.11
9334.11
9334.11
9334.11
9334.11
9334.11
9334.11
9334.11
9334.11
9334.11
9334.11
9334.11
9334.11
9334.11
9334.11
9334.11
9334.11
9334.11
9334.11
9334.11
9334.11
9334.11
9334.11
9334.11
9334.11
9334.11
9804.91
9804.91
9804.91
9804.91
9804.91
9804.91
9804.91
9804.91
9804.91
9804.91
9804.91
9804.91
9804.91
9804.91
9804.91
9804.91
9804.91
9804.91
9804.91
9804.91
9804.91
9804.91
9804.91
9804.91
9804.91
10599.03
10599.03
10599.03
10599.03
10599.03
10599.03
10599.03
10599.03
10599.03
10599.03
10599.03
10599.03
10599.03
10599.03
10599.03
10599.03
10599.03
10599.03
10599.03
10599.03
10599.03
10599.03
10599.03
10599.03
10599.03
10599.03
10599.03
10599.03
10599.03
10599.03
10599.03
10599.03
10599.03
10599.03
10599.03
10599.03
10599.03
10599.03
10599.03
10599.03
10599.03
10599.03
10599.03
10599.03
10599.03
10599.03
10599.03
10360.17
10360.17
10360.17
10360.17
10360.17
10360.17
10360.17
10360.17
10360.17
10360.17
10360.17
10360.17
10360.17
10360.17
10360.17
10360.17
10312.59
10312.59
10312.59
10312.59
10312.59
10312.59
10312.59
10312.59
10312.59
10312.59
10312.59
10312.59
10312.59
10312.59
10312.59
10312.59
10312.59
10312.59
10312.59
10312.59
10312.59
10312.59
10312.59
10312.59
10312.59
10312.59
10312.59
10312.59
10312.59
10312.59
10312.59
10312.59
10312.59
10312.59
10712.12
10712.12
10712.12
10712.12
10712.12
10712.12
10712.12
10712.12
10712.12
10712.12
10712.12
10712.12
10712.12
10712.12
10712.12
10712.12
10712.12
10712.12
10712.12
10712.12
10712.12
10712.12
10712.12
10712.12
10712.12
10712.12
12062.65
12062.65
12062.65
12062.65
12062.65
12062.65
12062.65
12062.65
12062.65
12062.65
12367.79
12367.79
12367.79
12367.79
12367.79
12367.79
12367.79
12367.79
12367.79
12367.79
12367.79
12367.79
12367.79
12367.79
12367.79
12367.79
12367.79
12367.79
12367.79
12367.79
12367.79
10373.41
10373.41
10373.41
10373.41
10373.41
10373.41
10373.41
10373.41
10373.41
10373.41
10373.41
10373.41
10373.41
10373.41
10373.41
10373.41
10373.41
10373.41
10373.41
10373.41
10373.41
10373.41
10373.41
10373.41
10373.41
10373.41
10373.41
10373.41
10373.41
10373.41
10373.41
10373.41
10373.41
10373.41
10373.41
10373.41
10373.41
10373.41
10373.41
10373.41
10373.41
10373.41
10373.41
10373.41
10373.41
10373.41
10373.41
10373.41
10373.41
10373.41
10373.41
10373.41
10373.41
10373.41
10373.41
10373.41
10373.41
10373.41
10373.41
11249.6
11249.6
11249.6
11249.6
11249.6
11249.6
11249.6
11249.6
11249.6
11249.6
11249.6
11249.6
11249.6
11249.6
11249.6
11249.6
11249.6
11249.6
11249.6
11249.6
11249.6
11249.6
11249.6
11249.6
11249.6
11249.6
11249.6
11249.6
11249.6
11249.6
11249.6
11249.6
11249.6
12130.12
12130.12
12130.12
12130.12
12130.12
12130.12
12130.12
12130.12
12130.12
12130.12
12130.12
12130.12
12130.12
12130.12
12130.12
12130.12
12130.12
12130.12
12130.12
12130.12
12130.12
12130.12
12130.12
12130.12
12130.12
12130.12
12130.12
12000.36
12000.36
12000.36
12000.36
12000.36
12000.36
12000.36
12000.36
12000.36
12000.36
12000.36
12000.36
12000.36
12000.36
12000.36
12000.36
12000.36
12000.36
12000.36
12000.36
12000.36
12000.36
12000.36
12000.36
12000.36
12000.36
12000.36
12000.36
12000.36
12000.36
12000.36
12000.36
11998.36
11998.36
11998.36
11998.36
11998.36
11998.36
11998.36
11998.36
11998.36
11998.36
11998.36
11998.36
11998.36
11998.36
11998.36
11998.36
11998.36
11998.36
11998.36
11998.36
11998.36
11998.36
11998.36
11998.36
11998.36
11998.36
11998.36
11998.36
11998.36
11998.36
11998.36
10986.99
10986.99
10986.99
10986.99
10986.99
10986.99
10986.99
10986.99
10986.99
10986.99
10986.99
10986.99
10986.99
10986.99
10986.99
10986.99
10986.99
10986.99
10986.99
10986.99
10986.99
10986.99
10986.99
10986.99
10986.99
10986.99
10986.99
10986.99
10986.99
10986.99
10986.99
10986.99
10986.99
10986.99
10986.99
10986.99
10986.99
10986.99
10986.99
10593.0
10593.0
10593.0
10593.0
10593.0
10593.0
10593.0
10593.0
10593.0
10593.0
10593.0
10593.0
10593.0
10593.0
10593.0
10593.0
10593.0
10593.0
10593.0
10593.0
10593.0
10593.0
10593.0
10593.0
10593.0
10593.0
10593.0
10593.0
10593.0
10593.0
10593.0
10593.0
10593.0
10396.75
10396.75
10396.75
10396.75
10396.75
10396.75
10396.75
10396.75
10396.75
10396.75
10396.75
10396.75
10396.75
10396.75
10396.75
10396.75
10396.75
10396.75
10396.75
10396.75
10396.75
10396.75
10396.75
10396.75
10396.75
10396.75
10396.75
10396.75
10396.75
10396.75
10396.75
11431.15
11431.15
11431.15
11431.15
11431.15
11431.15
11431.15
11431.15
11431.15
11431.15
11431.15
11431.15
11431.15
11431.15
11431.15
11431.15
11431.15
11431.15
11431.15
11431.15
11431.15
11431.15
11431.15
11431.15
11431.15
11431.15
11431.15
11431.15
11431.15
11431.15
11431.15
11431.15
11431.15
11431.15
12253.79
12253.79
12253.79
12253.79
12253.79
12253.79
12253.79
12253.79
12253.79
12253.79
12253.79
12253.79
12253.79
12253.79
12253.79
12253.79
12253.79
12253.79
12253.79
12253.79
12253.79
12253.79
12253.79
12253.79
12253.79
12253.79
12253.79
12253.79
12253.79
12253.79
12253.79
12253.79
12253.79
12253.79
12253.79
12253.79
12253.79
12253.79
12253.79
12253.79
12253.79
12253.79
12253.79
12253.79
12253.79
12253.79
12253.79
12253.79
12253.79
12253.79
12253.79
12253.79
12253.79
12253.79
12253.79
12253.79
12253.79
12253.79
12253.79
12253.79
12253.79
12253.79
12253.79
12253.79
12253.79
12253.79
12253.79
12253.79
12253.79
12253.79
12253.79
12253.79
12253.79
12253.79
12253.79
12253.79
12253.79
12253.79
12253.79
12253.79
12253.79
12253.79
12253.79
12253.79
12253.79
12253.79
12253.79
12253.79
12253.79
12253.79
12253.79
12253.79
12253.79
12253.79
12253.79
12253.79
12253.79
12253.79
12253.79
12253.79
12253.79
12253.79
12253.79
12253.79
12253.79
12253.79
12253.79
12253.79
12253.79
12253.79
12419.18
12419.18
12419.18
12419.18
12419.18
12419.18
12419.18
12419.18
12419.18
12419.18
12419.18
12419.18
12419.18
12419.18
12419.18
12419.18
12419.18
12419.18
12419.18
12419.18
12419.18
12419.18
12419.18
11733.61
11733.61
11733.61
11733.61
11733.61
11733.61
11733.61
11733.61
11733.61
11733.61
11733.61
11733.61
11733.61
11733.61
11733.61
11733.61
11955.09
11955.09
11955.09
11955.09
11955.09
11955.09
11955.09
11955.09
11955.09
11955.09
11955.09
11955.09
11955.09
11955.09
11955.09
12366.13
12366.13
12366.13
12366.13
12366.13
12366.13
12366.13
12366.13
12366.13
12366.13
12366.13
12366.13
12366.13
12366.13
12366.13
12366.13
12366.13
12366.13
12366.13
12366.13
12366.13
12366.13
12366.13
12366.13
12366.13
12366.13
12366.13
12366.13
12366.13
12366.13
12366.13
12366.13
12366.13
12804.54
12804.54
12804.54
12804.54
12804.54
12804.54
12804.54
12804.54
12804.54
12804.54
12804.54
12804.54
12804.54
12804.54
12804.54
12804.54
12804.54
12804.54
12804.54
12804.54
12804.54
12804.54
12804.54
12804.54
12804.54
12804.54
12804.54
12804.54
12804.54
12804.54
12804.54
12804.54
12804.54
12804.54
12804.54
12804.54
12804.54
12804.54
12804.54
12804.54
12804.54
12804.54
12804.54
12804.54
12804.54
12804.54
12804.54
12804.54
12804.54
12804.54
12804.54
12804.54
12804.54
12804.54
12804.54
12804.54
12804.54
12804.54
12804.54
12804.54
12804.54
12804.54
12804.54
12745.41
12745.41
12745.41
12745.41
12745.41
12745.41
12745.41
12745.41
12745.41
12745.41
12745.41
13337.83
13337.83
13337.83
13337.83
13337.83
13337.83
13337.83
13337.83
13337.83
13337.83
13337.83
13337.83
13337.83
14383.04
14383.04
14383.04
14383.04
14383.04
14383.04
14383.04
14383.04
14383.04
14383.04
14383.04
14383.04
14383.04
14383.04
14383.04
14225.41
14225.41
14225.41
14225.41
14225.41
14225.41
14225.41
14225.41
14225.41
14225.41
14225.41
14225.41
14225.41
14225.41
14225.41
14225.41
14225.41
14225.41
14225.41
14225.41
14225.41
14225.41
14225.41
14225.41
14225.41
14225.41
14225.41
14225.41
14225.41
14225.41
14225.41
14225.41
14225.41
14225.41
14225.41
14225.41
14225.41
14225.41
14225.41
14225.41
13750.23
13750.23
13750.23
13750.23
13750.23
13750.23
13750.23
13750.23
13750.23
13750.23
13750.23
13750.23
13750.23
13750.23
13750.23
13750.23
13750.23
13750.23
13750.23
13750.23
13750.23
13750.23
13750.23
13750.23
13750.23
13750.23
13750.23
14402.96
14402.96
14402.96
14402.96
14402.96
14402.96
14402.96
14402.96
14402.96
14402.96
14402.96
14402.96
14402.96
14402.96
14402.96
14402.96
15489.53
15489.53
15489.53
15489.53
15489.53
15489.53
15489.53
15489.53
15489.53
15489.53
15489.53
15489.53
15489.53
15489.53
15489.53
15489.53
15489.53
15489.53
15489.53
15489.53
15489.53
15489.53
15489.53
15489.53
15489.53
15489.53
15489.53
15489.53
15489.53
15489.53
15489.53
15489.53
15489.53
15489.53
15489.53
15489.53
15489.53
15489.53
15489.53
15138.86
15138.86
15138.86
15138.86
15138.86
15138.86
15138.86
15138.86
15138.86
15138.86
15138.86
15138.86
15138.86
15138.86
15138.86
15138.86
15138.86
15138.86
15138.86
15138.86
15138.86
15138.86
15138.86
15138.86
15138.86
15138.86
15138.86
15138.86
15138.86
15138.86
15138.86
15138.86
15138.86
15138.86
15138.86
15138.86
15138.86
15138.86
15138.86
15138.86
15138.86
15138.86
15138.86
15138.86
15138.86
15138.86
15138.86
15138.86
15138.86
15138.86
15138.86
15138.86
15138.86
15138.86
15138.86
15138.86
15138.86
14317.15
14317.15
14317.15
14317.15
14317.15
14317.15
14317.15
14317.15
14317.15
14317.15
14317.15
14317.15
14317.15
14270.36
14270.36
14270.36
14270.36
14270.36
14270.36
14270.36
14270.36
14270.36
14270.36
14270.36
14270.36
14270.36
14270.36
14270.36
14270.36
14270.36
14270.36
14270.36
14270.36
14270.36
14270.36
14270.36
14270.36
14270.36
14270.36
14270.36
14270.36
14270.36
14270.36
14270.36
14270.36
14270.36
14270.36
14270.36
14270.36
14270.36
14270.36
14270.36
14270.36
14270.36
14270.36
14270.36
14270.36
14270.36
14270.36
14270.36
14270.36
14270.36
14270.36
14270.36
13706.76
13706.76
13706.76
13706.76
13706.76
13706.76
13706.76
13706.76
13706.76
13706.76
13706.76
13706.76
13706.76
13706.76
13706.76
13706.76
13706.76
13706.76
13706.76
13706.76
13706.76
13706.76
13706.76
13706.76
13706.76
13706.76
13706.76
13706.76
13706.76
13706.76
13706.76
13706.76
13706.76
13706.76
13706.76
12711.59
12711.59
12711.59
12711.59
12711.59
12711.59
12711.59
12711.59
12711.59
12711.59
12711.59
12711.59
12711.59
12711.59
12711.59
12711.59
12711.59
12711.59
12711.59
12711.59
12711.59
12711.59
12711.59
12711.59
14559.45
14559.45
14559.45
14559.45
14559.45
14559.45
14559.45
14559.45
14559.45
14559.45
14559.45
14559.45
14559.45
14559.45
14559.45
14559.45
14559.45
15683.19
15683.19
15683.19
15683.19
15683.19
15683.19
15683.19
15683.19
15683.19
15683.19
15683.19
15683.19
15683.19
15683.19
15683.19
15683.19
15683.19
15683.19
15683.19
15683.19
15683.19
15683.19
15683.19
15683.19
15683.19
15683.19
15683.19
15683.19
15683.19
15683.19
15683.19
15683.19
15683.19
15683.19
15683.19
15683.19
15683.19
15683.19
15683.19
15683.19
15683.19
15683.19
15683.19
15683.19
15683.19
15683.19
15683.19
15683.19
15683.19
15778.9
15778.9
15778.9
15778.9
15778.9
15778.9