10171.11
10182.63
10160.4
9344.56
9347.91
9418.28
9629.44
9600.39
9313.06
9534.43
9816.34
9992.19
9964.23
10278.31
10390.03
10167.58
10229.56
10255.82
10436.82
10711.18
10774.97
10581.9
10461.85
10547.18
10412.56
10810.12
9959.83
9331.89
8959.87
8670.9
8975.88
8348.84
8252.85
8312.04
8028.08
8065.46
8211.33
8198.23
7941.45
7809.36
8023.96
8087.64
7903.91
7851.49
7986.89
7267.91
7566.42
7587.09
7562.56
7660.24
7658.24
7810.21
7684.93
8006.76
7935.06
8078.25
8183.75
8217.39
8030.29
8126.02
8309.91
8552.03
8392.86
8428.64
8477.16
8396.72
8378.94
8545.85
8790.64
8945.68
8466.28