10000.0
10000.0
10000.0
10000.0
10000.0
10000.0
10000.0
10000.0
10000.0
10000.0
10000.0
10000.0
10000.0
10000.0
10000.0
10000.0
10000.0
10000.0
10000.0
10000.0
10000.0
10000.0
10000.0
10000.0
10000.0
10000.0
10000.0
10000.0
10000.0
10000.0
10000.0
10000.0
10000.0
10000.0
10000.0
10000.0
10000.0
10000.0
10000.0
10000.0
10000.0
10000.0
10000.0
10000.0
10000.0
10000.0
10140.41
10140.41
10140.41
10140.41
10140.41
10140.41
10140.41
10140.41
10140.41
10140.41
10140.41
10140.41
10140.41
10859.19
10859.19
10859.19
10859.19
10859.19
10859.19
10859.19
10859.19
10859.19
10859.19
10859.19
10859.19
10859.19
10859.19
10859.19
10859.19
10859.19
10859.19
10859.19
10859.19
10859.19
10859.19
10859.19
10859.19
10859.19
10859.19
10859.19
10859.19
10859.19
10859.19
10859.19
10859.19
10859.19
10859.19
10859.19
10859.19
10859.19
10859.19
10859.19
10859.19
10859.19
10859.19
10859.19
10859.19
10859.19
10859.19
10859.19
10859.19
10859.19
10859.19
10859.19
10859.19
10859.19
10859.19
10859.19
10859.19
10859.19
10859.19
10859.19
10859.19
10859.19
10859.19
11310.93
11310.93
11310.93
11310.93
11310.93
11310.93
11310.93
11310.93
11310.93
11310.93
11310.93
11310.93
11310.93
11310.93
11310.93
11310.93
11310.93
11310.93
11310.93
11310.93
11310.93
11310.93
11310.93
11310.93
11823.02
11823.02
11823.02
11823.02
11823.02
11823.02
11823.02
11823.02
11823.02
11823.02
11823.02
11823.02
11823.02
11823.02
11823.02
11823.02
11823.02
11823.02
11823.02
11977.77
11977.77
11977.77
11977.77
11977.77
11977.77
11977.77
11977.77
11977.77
11977.77
11977.77
11977.77
11977.77
11977.77
11977.77
11977.77
11977.77
11977.77
11977.77
11568.92
11568.92
11568.92
11568.92
11568.92
11568.92
11568.92
11568.92
11568.92
11568.92
11568.92
11568.92
11568.92
11568.92
11568.92
11568.92
11568.92
11568.92
11568.92
11568.92
11568.92
11568.92
11568.92
11568.92
11568.92
11568.92
11568.92
11568.92
11568.92
11568.92
11568.92
11568.92
11568.92
11568.92
11568.92
11568.92
11568.92
11568.92
12590.97
12590.97
12590.97
12590.97
12590.97
12590.97
12590.97
12590.97
12590.97
12590.97
12590.97
12590.97
12590.97
12590.97
12590.97
12083.77
12083.77
12083.77
12083.77
12083.77
12083.77
12083.77
12083.77
12083.77
12083.77
12083.77
12083.77
12083.77
12083.77
12083.77
12083.77
12083.77
12083.77
12083.77
12083.77
12083.77
12083.77
12083.77
12083.77
12083.77
12083.77
12083.77
12083.77
12083.77
12083.77
12083.77
12083.77
12083.77
12083.77
12083.77
12083.77
12083.77
12083.77
12083.77
12083.77
12083.77
12083.77
12083.77
12083.77
12083.77
12083.77
12083.77
12083.77
12083.77
12083.77
12083.77
12083.77
12083.77
12083.77
12083.77
12083.77
12083.77
12083.77
12083.77
12083.77
12083.77
12083.77
12083.77
12083.77
12083.77
12083.77
12083.77
12083.77
12083.77
12083.77
12083.77
12083.77
12083.77
12083.77
12083.77
12083.77
12083.77
12083.77
12083.77
12083.77
12083.77
12083.77
12083.77
12083.77
12083.77
12083.77
12083.77
12083.77
12083.77
12083.77
12083.77
12083.77
12180.35
12180.35
12180.35
12180.35
12180.35
12180.35
12180.35
12180.35
12180.35
12180.35
12180.35
12180.35
12180.35
12180.35
12180.35
12180.35
12180.35
12180.35
12180.35
12180.35
12180.35
12180.35
12180.35
12180.35
12180.35
12180.35
12180.35
12180.35
12180.35
12180.35
12180.35
11281.53
11281.53
11281.53
11281.53
11281.53
11281.53
11281.53
11281.53
11281.53
11281.53
11281.53
11281.53
11281.53
11281.53
11281.53
11281.53
11281.53
11281.53
11281.53
11281.53
11281.53
11281.53
11281.53
11281.53
11281.53
11281.53
11281.53
11281.53
11281.53
11281.53
11281.53
11281.53
11281.53
11281.53
11281.53
11281.53
11281.53
11281.53
11281.53
11281.53
11281.53
11281.53
11281.53
11281.53
11281.53
11281.53
11281.53
11281.53
11281.53
11281.53
11281.53
11281.53
11281.53
11281.53
11281.53
11281.53
11281.53
11281.53
11281.53
11281.53
11281.53
11281.53
11281.53
11281.53
11281.53
11281.53
11281.53
11281.53
11281.53
11281.53
11281.53
9095.46
9095.46
9095.46
9095.46
9095.46
9095.46
9095.46
9095.46
9095.46
9095.46
9095.46
9095.46
9095.46
9095.46
9095.46
9095.46
9095.46
9095.46
9095.46
9095.46
9095.46
9095.46
9095.46
9095.46
9095.46
9095.46
9095.46
9095.46
9095.46
9095.46
9095.46
9095.46
9095.46
9095.46
9095.46
9095.46
9095.46
9095.46
9095.46
9095.46
9095.46
9095.46
9095.46
9095.46
9095.46
9095.46
9095.46
9095.46
9095.46
9095.46
9095.46
9095.46
9095.46
9095.46
9095.46
9095.46
9095.46
9095.46
9095.46
9095.46
9095.46
9095.46
9095.46
9095.46
9095.46
9095.46
9095.46
9095.46
9095.46
9095.46
9095.46
9095.46
9095.46
9095.46
9095.46
9095.46
9095.46
9095.46
9095.46
8977.21
8977.21
8977.21
8977.21
8977.21
8977.21
8977.21
8977.21
8977.21
8977.21
8977.21
8977.21
8977.21
8977.21
8977.21
8977.21
8977.21
8977.21
8977.21
8977.21
8977.21
8977.21
8977.21
8977.21
8977.21
8977.21
8977.21
8977.21
8977.21
8977.21
8977.21
8977.21
8977.21
8977.21
8977.21
8977.21
8977.21
8977.21
8977.21
8977.21
8977.21
8977.21
8977.21
8977.21
8977.21
8977.21
8977.21
8977.21
8977.21
8977.21
8977.21
8977.21
8977.21
8977.21
8977.21
8977.21
8977.21
8977.21
8977.21
8977.21
8977.21
8977.21
8977.21
8977.21
8977.21
8977.21
8977.21
8977.21
8977.21
8977.21
8977.21
8977.21
8977.21
8977.21
8977.21
8977.21
8977.21
8977.21
8977.21
8977.21
8977.21
8977.21
8977.21
8977.21
8977.21
8977.21
8977.21
8977.21
8977.21
8977.21
8977.21
8977.21
8977.21
8977.21
8977.21
8977.21
8977.21
8977.21
8977.21
8977.21
8977.21
8977.21
9222.88
9222.88
9222.88
9222.88
9222.88
9222.88
9222.88
9222.88
9222.88
9222.88
9222.88
9222.88
9222.88
9222.88
9222.88
9222.88
9222.88
9222.88
9222.88
9222.88
9222.88
9222.88
9222.88
9222.88
9222.88
9222.88
9222.88
9222.88
9222.88
9222.88
9222.88
9222.88
9222.88
9222.88
9222.88
9222.88
9222.88
9222.88
9222.88
9222.88
9222.88
9222.88
9222.88
9222.88
9222.88
9222.88
9222.88
9222.88
9222.88
9222.88
9222.88
9222.88
9222.88
9222.88
9222.88
9222.88
9222.88
9222.88
9222.88
9222.88
9222.88
9222.88
9222.88
9222.88
9222.88
9222.88
9222.88
9222.88
9222.88
9222.88
9222.88
9222.88
9222.88
9222.88
9222.88
9222.88
9222.88
9362.0
9362.0
9362.0
9362.0
9362.0
9362.0
9362.0
9362.0
9362.0
9362.0
9362.0
9362.0
9362.0
9362.0
9362.0
9362.0
9362.0
9362.0
9298.46
9298.46
9298.46
9298.46
9298.46
9298.46
9298.46
9298.46
9298.46
9298.46
8932.56
8932.56
8932.56
8932.56
8932.56
8932.56
8932.56
8932.56
8932.56
8932.56
8932.56
8942.36
8942.36
8942.36
8942.36
8942.36
8942.36
8942.36
8942.36
8942.36
8942.36
8942.36
8942.36
8942.36
8942.36
8942.36
8942.36
8942.36
8942.36
8942.36
8942.36
8942.36
8942.36
8942.36
8942.36
8942.36
8942.36
8942.36
8942.36
8942.36
8601.67
8601.67
8601.67
8601.67
8601.67
8601.67
8601.67
8601.67
8601.67
8601.67
8601.67
8601.67
8601.67
8601.67
8601.67
8601.67
8601.67
8601.67
8601.67
8601.67
8601.67
8601.67
8601.67
8601.67
9146.57
9146.57
9146.57
9146.57
9146.57
9146.57
9146.57
9146.57
9146.57
9146.57
9146.57
9146.57
9146.57
9146.57
9146.57
9146.57
9146.57
9146.57
9146.57
9146.57
9146.57
9146.57
9203.47
9203.47
9203.47
9203.47
9203.47
9203.47
9203.47
9203.47
9203.47
9203.47
9203.47
9203.47
9203.47
9203.47
9203.47
9203.47
9203.47
9203.47
8994.96
8994.96
8994.96
8994.96
8994.96
8994.96
8994.96
8994.96
8994.96
8994.96
8994.96
8994.96
8994.96
8994.96
8994.96
8994.96
8310.66
8310.66
8310.66
8310.66
8310.66
8310.66
8310.66
8310.66
8310.66
8310.66
8310.66
8310.66
8310.66
8310.66
8310.66
8310.66
8310.66
8310.66
8310.66
8310.66
8310.66
8310.66
8310.66
8310.66
8310.66
8310.66
8310.66
7639.49
7639.49
7639.49
7639.49
7639.49
7639.49
7639.49
7639.49
7639.49
7639.49
7639.49
7639.49
7639.49
7639.49
7639.49
7639.49
7639.49
7639.49
7639.49
7639.49
7639.49
7639.49
7639.49
7639.49
7639.49
7639.49
7639.49
7639.49
7639.49
7639.49
7639.49
7639.49
7639.49
7639.49
7639.49
7639.49
7639.49
7639.49
7639.49
7639.49
7639.49
7639.49
7639.49
7639.49
7639.49
7639.49
7639.49
7639.49
7639.49
7639.49
7639.49
7639.49
7639.49
7639.49
7639.49
7639.49
7639.49
7639.49
7639.49
7639.49
7639.49
7639.49
8177.64
8177.64
8177.64
8177.64
8177.64
8177.64
8177.64
8177.64
8177.64
8177.64
8177.64
8177.64
8177.64
8177.64
8177.64
8177.64
8177.64
8177.64
8177.64
8177.64
8177.64
8177.64
8177.64
8177.64
8177.64
8177.64
8177.64
8177.64
8177.64
8177.64
8177.64
8177.64
8177.64
8177.64
8177.64
8177.64
8177.64
8177.64
8177.64
8116.96
8116.96
8116.96
8116.96
8116.96
8116.96
8116.96
8116.96
8116.96
8116.96
8116.96
8116.96
8116.96
8116.96
8116.96
8116.96
8116.96
8116.96
8116.96
8116.96
8116.96
8116.96
8116.96
8116.96
8116.96
8116.96
8116.96
8116.96
8116.96
8116.96
8116.96
8116.96
8090.15
8090.15
8090.15
8090.15
8090.15
8090.15
8090.15
8090.15
8090.15
8090.15
8090.15
8090.15
8090.15
8090.15
8090.15
8090.15
8090.15
8090.15
8090.15
8090.15
8090.15
8090.15
8090.15
8090.15
8090.15
8090.15
8090.15
8090.15
8090.15
8090.15
8090.15
8090.15
8090.15
8090.15
8090.15
8090.15
8090.15
8090.15
8090.15
8090.15
8090.15
8090.15
8090.15
8090.15
8090.15
8090.15
8090.15
8090.15
8090.15
8090.15
8090.15
8090.15
8090.15
8090.15
8090.15
8090.15
8090.15
8090.15
8090.15
8090.15
8090.15
8090.15
8090.15
8090.15
8090.15
8090.15
8090.15
8090.15
8090.15
8090.15
8090.15
8090.15
8090.15
8090.15
8090.15
8090.15
8090.15
8090.15
8090.15
8090.15
8114.63
8114.63
8114.63
8114.63
8114.63
8114.63
8114.63
8114.63
8114.63
8114.63
8114.63
8114.63
8114.63
8114.63
8114.63
8114.63
8114.63
8114.63
8114.63
8114.63
8114.63
8114.63
8114.63
8114.63
8114.63
8114.63
8114.63
8114.63
8114.63
8114.63
8114.63
8114.63
8114.63
8114.63
8114.63
8114.63
8114.63
8114.63
8114.63
8114.63
8114.63
8114.63
8114.63
8114.63
8114.63
8114.63
8114.63
8114.63
8114.63
8114.63
8114.63
8114.63
8114.63
8114.63
8114.63
8114.63
8114.63
8114.63
8114.63
8114.63
8114.63
8114.63
8114.63
8114.63
8114.63
8114.63
8114.63
8114.63
8114.63
8114.63
8114.63
8114.63
8114.63
8114.63
8114.63
8114.63
8114.63
8114.63
8114.63
8114.63
8114.63
8114.63
8114.63
8114.63
8114.63
8114.63
8114.63
8114.63
8114.63
8114.63
8114.63
8114.63
8114.63
8114.63
8114.63
8114.63
8114.63
8331.54
8331.54
8331.54
8331.54
8331.54
8331.54
8331.54
8331.54
8331.54
8331.54
8331.54
8331.54
8331.54
8331.54
8331.54
8331.54
8331.54
8331.54
8331.54
8331.54
8331.54
8331.54
8331.54
8331.54
8331.54
8331.54
8331.54
8331.54
8331.54
8331.54
8331.54
8331.54
8331.54
8331.54
8331.54
8331.54
8331.54
8331.54
8331.54
8331.54
8331.54
8331.54
8331.54
8331.54
8331.54
8331.54
8331.54
8331.54
8331.54
8331.54
8331.54
8331.54
8331.54
8331.54
8331.54
8331.54
8331.54
8331.54
8331.54
8331.54
8331.54
8331.54
8331.54
8331.54
8331.54
8331.54
8331.54
8331.54
8331.54
8331.54