10000.0
10000.0
10000.0
10000.0
10000.0
10000.0
10000.0
10000.0
10000.0
10000.0
10000.0
10000.0
10000.0
10000.0
10000.0
10000.0
10000.0
10000.0
10000.0
10000.0
10000.0
10000.0
10000.0
10000.0
10000.0
10000.0
10000.0
10000.0
10000.0
10000.0
10000.0
9365.84
9365.84
9365.84
9365.84
9365.84
9365.84
9365.84
9365.84
9365.84
9365.84
9365.84
9365.84
9365.84
9365.84
9365.84
9365.84
9581.46
9581.46
9581.46
9581.46
9581.46
9581.46
9581.46
9581.46
9581.46
9581.46
9581.46
9581.46
9581.46
9581.46
9581.46
9581.46
9581.46
9581.46
9581.46
9581.46
9581.46
9581.46
9581.46
9581.46
9581.46
10064.79
10064.79
10064.79
10064.79
10064.79
10064.79
10064.79
10064.79
10064.79
10064.79
10064.79
10064.79
10064.79
10064.79
10064.79
10064.79
10064.79
10064.79
10064.79
10064.79
10064.79
10064.79
10064.79
10064.79
10064.79
10064.79
11354.54
11354.54
11354.54
11354.54
11354.54
11354.54
11354.54
11354.54
11354.54
11354.54
11354.54
11622.06
11622.06
11622.06
11622.06
11622.06
11622.06
11622.06
11622.06
11622.06
11622.06
11622.06
11622.06
11622.06
11622.06
11622.06
11622.06
11622.06
11622.06
11622.06
11622.06
11622.06
11622.06
11995.16
11995.16
11995.16
11995.16
11995.16
11995.16
11995.16
11995.16
11995.16
11995.16
11995.16
11995.16
11995.16
12340.4
12340.4
12340.4
12340.4
12340.4
12340.4
12340.4
12340.4
12340.4
12340.4
12340.4
12340.4
12340.4
12340.4
12340.4
12340.4
12340.4
12340.4
12340.4
12340.4
12340.4
12340.4
12340.4
12340.4
12340.4
12340.4
12340.4
12340.4
12340.4
12340.4
12340.4
12340.4
12340.4
12340.4
12340.4
12340.4
12340.4
12340.4
12340.4
12340.4
12340.4
12340.4
12340.4
12340.4
12340.4
12340.4
12340.4
12340.4
12340.4
12340.4
12340.4
12340.4
12340.4
12340.4
12340.4
12340.4
12340.4
12340.4
12340.4
12340.4
12340.4
12340.4
12340.4
12340.4
12340.4
12340.4
12340.4
12340.4
12340.4
12340.4
12340.4
12340.4
12340.4
12340.4
13638.01
13638.01
13638.01
13638.01
13638.01
13638.01
13638.01
13638.01
13638.01
13638.01
13638.01
13638.01
13983.27
13983.27
13983.27
13983.27
13983.27
13983.27
13983.27
13983.27
13983.27
13983.27
13983.27
13983.27
13983.27
13983.27
13080.21
13080.21
13080.21
13080.21
13080.21
13080.21
13080.21
13080.21
13080.21
13080.21
13080.21
13080.21
13080.21
14729.62
14729.62
14729.62
14729.62
14729.62
14729.62
14729.62
14729.62
15680.83
15680.83
15680.83
15680.83
15680.83
15680.83
15680.83
15680.83
15680.83
15680.83
15680.83
15680.83
15680.83
15680.83
15680.83
15680.83
15680.83
15680.83
16764.36
16764.36
16764.36
16764.36
16764.36
16764.36
16764.36
16764.36
16764.36
16764.36
16764.36
16764.36
16764.36
16764.36
16764.36
16764.36
16764.36
16764.36
16764.36
16764.36
16764.36
16764.36
16764.36
16764.36
16764.36
17930.07
17930.07
17930.07
17930.07
17930.07
17930.07
17930.07
17930.07
17930.07
17930.07
17930.07
17930.07
17930.07
17930.07
17930.07
17930.07
17930.07
17930.07
17930.07
17930.07
17930.07
17930.07
17930.07
17930.07
17930.07
17930.07
17930.07
17930.07
17930.07
17930.07
17930.07
17930.07
17930.07
17930.07
17930.07
17930.07
17930.07
17930.07
17930.07
17930.07
17930.07
17930.07
17930.07
17930.07
17930.07
17930.07
17930.07
17930.07
17930.07
17930.07
17930.07
17930.07
17930.07
17930.07
17930.07
17930.07
17930.07
17930.07
17930.07
17930.07
17930.07
17930.07
17930.07
16374.65
16374.65
16374.65
16374.65
16374.65
16374.65
16374.65
16374.65
16374.65
16374.65
16374.65
16374.65
16374.65
16374.65
16374.65
16374.65
16374.65
16374.65
16374.65
16374.65
16374.65
16374.65
16374.65
16374.65
16374.65
16374.65
16374.65
16374.65
16374.65
16374.65
16374.65
16374.65
16374.65
16374.65
16374.65
16374.65
16374.65
16374.65
16374.65
16374.65
16374.65
16374.65
16374.65
16374.65
16374.65
16374.65
16374.65
16374.65
16374.65
16374.65
16374.65
16374.65
16374.65
16374.65
16374.65
16374.65
16374.65
16374.65
16374.65
16374.65
16374.65
16374.65
11792.21
11792.21
11792.21
11792.21
11792.21
11792.21
11792.21
11792.21
11792.21
11792.21
11792.21
11792.21
11792.21
11792.21
11792.21
11792.21
11792.21
11792.21
11792.21
11792.21
11792.21
11792.21
11792.21
11792.21
11792.21
11792.21
11792.21
11792.21
11792.21
11792.21
11825.72
11825.72
11825.72
11825.72
11825.72
11825.72
11825.72
11825.72
11825.72
11825.72
11825.72
11825.72
11825.72
11825.72
11825.72
11825.72
11825.72
11825.72
11825.72
11825.72
11825.72
11825.72
11825.72
11825.72
11825.72
11825.72
11825.72
11825.72
11825.72
11825.72
11825.72
11825.72
11825.72
11825.72
11825.72
11825.72
11825.72
11825.72
11825.72
11825.72
11825.72
11825.72
11825.72
12009.94
12009.94
12009.94
12009.94
12009.94
12009.94
12009.94
12009.94
12009.94
12009.94
12009.94
12009.94
12009.94
12009.94
12009.94
12009.94
12009.94
12009.94
12009.94
12009.94
12009.94
12009.94
12009.94
12009.94
12009.94
12009.94
12009.94
12009.94
12009.94
12551.6
12551.6
12551.6
12551.6
12551.6
12551.6
12551.6
12551.6
12551.6
12551.6
12551.6
13283.23
13283.23
13283.23
13283.23
13283.23
14166.71
14166.71
14166.71
14166.71
14166.71
14166.71
14166.71
14166.71
14166.71
14166.71
14166.71
14166.71
14166.71
14166.71
14166.71
14166.71
14166.71
14166.71
14166.71
14847.7
14847.7
14847.7
14847.7
14847.7
14847.7
14847.7
14847.7
14847.7
14847.7
14847.7
14847.7
14847.7
14847.7
14847.7
14847.7
14847.7
14847.7
14847.7
14847.7
14847.7
14847.7
14847.7
14847.7
14847.7
14847.7
14847.7
16185.84
16185.84
16185.84
16185.84
16185.84
16185.84
16185.84
16185.84
16185.84
16185.84
16185.84
16185.84
16185.84
16185.84
16185.84
17077.65
17077.65
17077.65
17077.65
17077.65
17077.65
17077.65
17077.65
17077.65
17677.53
17677.53
17677.53
17677.53
17677.53
17677.53
17677.53
17677.53
17677.53
17677.53
17677.53
17677.53
17677.53
17677.53
17677.53
17677.53
17677.53
17677.53
17677.53
17677.53
17677.53
17677.53
17677.53
17677.53
17677.53
17677.53
17677.53
17677.53
17677.53
17677.53
17677.53
17677.53
17677.53
17677.53
17677.53
17677.53
17677.53
17677.53
17677.53
17677.53
17677.53
17677.53
17677.53
17677.53
17677.53
17677.53
17677.53
17677.53
17677.53
17677.53
17677.53
17677.53
17677.53
17677.53
17677.53
17677.53
17677.53
17677.53
17677.53
18355.88
18355.88
18355.88
18355.88
18355.88
18355.88
18355.88
18355.88
18355.88
18355.88
18355.88
18355.88
18355.88
18355.88
18355.88
18355.88
18355.88
18355.88
18355.88
18355.88
18355.88
18355.88
18355.88
18355.88
18355.88
18355.88
18355.88
18355.88
18355.88
19654.92
19654.92
19654.92
19654.92
19654.92
19654.92
19654.92
19654.92
19654.92
19654.92
19654.92
19654.92
19654.92
19654.92
19654.92
19654.92
19654.92
19654.92
19654.92
19654.92
19654.92
19654.92
19654.92
19654.92
20371.96
20371.96
20371.96
20371.96
20371.96
20371.96
20371.96
20371.96
20371.96
20371.96
20371.96
20371.96
20371.96
20371.96
20371.96
20371.96
20371.96
20371.96
20371.96
20371.96
20371.96
20371.96
20371.96
20371.96
20371.96
20371.96
20371.96
20371.96
20371.96
20371.96
20371.96
20371.96
20371.96
20262.54
20262.54
20262.54
20262.54
20262.54
20262.54
20262.54
20262.54
20262.54
20262.54
20262.54
20262.54
20262.54
20262.54
20262.54
20262.54
20262.54
20262.54
20262.54
20262.54
20262.54
20262.54
20262.54
20262.54
20262.54
20262.54
20262.54
20262.54
20262.54
20262.54
20262.54
20262.54
20262.54
20262.54
20262.54
20262.54
20262.54
20262.54
20262.54
20262.54
20262.54
20262.54
20262.54
20262.54
20262.54
20262.54
20262.54
20262.54
20262.54
20262.54
20262.54
20262.54
20262.54
20262.54
20262.54
20262.54
20262.54
20262.54
20262.54
20262.54
20262.54
20262.54
20262.54
20262.54
20262.54
20262.54
20262.54
20262.54
20262.54
20262.54
20262.54
20262.54
20262.54
20262.54
20262.54
20262.54
20262.54
20262.54
20262.54
19804.3
19804.3
19804.3
19804.3
19804.3
19804.3
19804.3
19804.3
19804.3
19804.3
19804.3
19804.3
19804.3
19804.3
19804.3
19804.3
19804.3
19804.3
19804.3
19804.3
19804.3
19804.3
19804.3
19638.32
19638.32
19638.32
19638.32
19638.32
19638.32
19638.32
19638.32
19638.32
19638.32
19638.32
19638.32
19638.32
19638.32
19638.32
19638.32
19638.32
19638.32
19638.32
19638.32
19638.32
19638.32
19638.32
19638.32
19638.32
19638.32
19638.32
19638.32
19638.32
19638.32
19638.32
19638.32
19638.32
19638.32
19638.32
19638.32
19638.32
19638.32
19638.32
19638.32
19638.32
19638.32
17700.94
17700.94
17700.94
17700.94
17700.94
17700.94
17700.94
17700.94
17700.94
17700.94
17700.94
17700.94
17700.94
17700.94
17700.94
17700.94
17700.94
17700.94
17700.94
17700.94
17700.94
17700.94
17700.94
17700.94
17700.94
17700.94
17700.94
17700.94
17700.94
17700.94
17700.94
17700.94
17700.94
17700.94
17700.94
17700.94
17700.94
17700.94
17700.94
17700.94
17700.94
17700.94
17700.94
17700.94
17700.94
17700.94
17700.94
17700.94
17700.94
17700.94
17700.94
17700.94
17700.94
17700.94
17700.94
17700.94
17700.94
17700.94
17700.94
17700.94
17700.94
17700.94
17700.94
17700.94
17700.94
17700.94
17700.94
17700.94
17700.94
17700.94
17700.94
17700.94
17700.94
17700.94
17700.94
17700.94
17700.94
17700.94
17700.94
17700.94
17700.94
17700.94
17700.94
17700.94
17700.94
17700.94
17700.94
17700.94
17700.94
17656.22
17656.22
17656.22
17656.22
17656.22
17656.22
17656.22
17656.22
17656.22
17656.22
17656.22
17656.22
17656.22
17656.22
17656.22
17656.22
17656.22
17656.22
17656.22
17656.22
17656.22
17656.22
17656.22
17656.22
17656.22
17656.22
17656.22
17656.22
17656.22
17656.22
17656.22
17656.22
17656.22
17656.22
17656.22
17656.22
17656.22
17656.22
17656.22
17656.22
17656.22
17656.22
17656.22
17656.22
17656.22
17656.22
17656.22
17656.22
17656.22
17656.22
17031.59
17031.59
17031.59
17031.59
17031.59
17031.59
17031.59
17031.59
17031.59
17031.59
17031.59
17031.59
17581.45
17581.45
17581.45
17581.45
17581.45
17581.45
17581.45
19224.08
19224.08
19224.08
19224.08
19224.08
19224.08
19224.08
19224.08
19224.08
19224.08
19224.08
19224.08
19224.08
19224.08
19224.08
19224.08
19224.08
19224.08
19224.08
19224.08
19224.08
19224.08
19224.08
19224.08
19224.08
19224.08
19224.08
19224.08
19224.08
19224.08
19224.08
19224.08
19224.08
19224.08
19224.08
19224.08
19224.08
19224.08
19224.08
19224.08
19224.08
19224.08
19224.08
19224.08
19224.08
19224.08
19224.08
19224.08
19224.08
19224.08
18948.06
18948.06
18948.06
18948.06
18948.06
18948.06
18948.06
18948.06
18948.06
18948.06
18948.06
18948.06
18948.06
18948.06
18948.06
18948.06
18948.06
18948.06
18948.06
18948.06
18948.06
18948.06
18948.06
18948.06
18948.06
18948.06
18948.06
18948.06
18948.06
18948.06
18399.41
18399.41
18399.41
18399.41
18399.41
18399.41
18399.41
18399.41
18399.41
18399.41
18399.41
18836.29
18836.29
18836.29
18836.29
18836.29
18836.29
18836.29
18836.29
19441.11
19441.11
19441.11
19441.11
19441.11
19441.11
19441.11
19441.11
19441.11
19441.11
19441.11
19441.11
19441.11
19441.11
19441.11
19441.11
19441.11
19441.11
19441.11
19441.11
21567.93
21567.93
21567.93
21567.93
21567.93
21567.93
21567.93
21567.93
21567.93
21567.93
21567.93
21567.93
21567.93
21567.93
21567.93
21567.93
21567.93
21567.93
21567.93
21567.93
21567.93
21567.93
21567.93
21567.93
21567.93
21567.93
21567.93
21567.93
21567.93
21567.93
21567.93
21567.93
21567.93
21567.93
21567.93
21567.93
21567.93
22078.14
22078.14
22078.14
22078.14
22078.14
22078.14
22078.14
22078.14
22078.14
22078.14
22078.14
22078.14
22078.14
22078.14
22078.14
22098.77
22098.77
22098.77
22098.77